596 2401.78 -1750.83 13.0827 359.201 random
597 2395.39 -1750.67 13.4417 0.751652 random
598 2389.77 -1750.58 13.4471 357.139 random
599 2383.59 -1750.33 13.4964 351.906 random
490 2377.73 -1750.68 13.4963 358.443 random
528 2371.58 -1750.38 13.6375 357.327 random
523 2367.03 -1750.39 12.8728 5.61345 random
601 2362.55 -1750.15 13.1374 0.707971 random
427 2355.72 -1750.52 13.5146 355.678 random
416 2349.5 -1751.07 13.3509 359.142 random
407 2343.03 -1750.2 14.0222 359.077 random
442 2336.58 -1749.94 13.5742 359.613 random
